0,398
0,397
0,396
0,395
0,394
0,393
0,392
0,391
0,390
0,389
0,388
0,387
0,386
0,385
0,243
28,2
28,4
29,52
29,51
29,50
29,49
29,48
29,47
29,46
29,45
29,44
29,43
29,42
29,41
29,40
29,39
29,38
29,37
29,36
17,2
17,1
17,3
15,2
15,1
15,3
16,2
16,1
16,3
13,2
14,2
4,26
4,16
4,41
4,17
4,4
4,20
4,8
4,29
4,27
4,90
4,12
4,1
4,70
4,2
4,3
6,6
6,8
6,1
6,4
6,2
6,3
7,14
7,12
7,4
7,11
7,6
7,1
7,16
7,2
7,3
5,4
5,2
5,1
5,3
29,35
28,1
28,3
27,1
27,3
3,1
3,3
10,141
10,167
10,179
10,101
10,147
10,107
10,91
11,8
11,11
9,7
9,5
8,12
8,4
8,16
8,8
8,14
